%YAML:1.0
rotation_vectors: !!opencv-matrix
   rows: 3
   cols: 3
   dt: d
   data: [ 9.9758030220992910e-01, -2.5743861475359259e-02,
       6.4581686561160007e-02, 2.8792553885047756e-02,
       9.9849256377921514e-01, -4.6728887407968642e-02,
       -6.3281351783309930e-02, 4.8475289312674585e-02,
       9.9681774504797493e-01 ]
translation_vectors: !!opencv-matrix
   rows: 3
   cols: 1
   dt: d
   data: [ -1.8317642538739779e+02, -3.1282727480013945e+00,
       8.8887996368744844e+00 ]
essential_matrix: !!opencv-matrix
   rows: 3
   cols: 3
   dt: d
   data: [ -5.7969914277683610e-02, -9.0270442648508826e+00,
       -2.7029540691342819e+00, -2.7243603853123872e+00,
       8.6506981893817372e+00, 1.8316756497266809e+02,
       -2.1534138250907637e+00, -1.8298083242925662e+02,
       8.7616596878111253e+00 ]
fundamental_matrix: !!opencv-matrix
   rows: 3
   cols: 3
   dt: d
   data: [ -1.9817963038851840e-07, -3.0979218670563112e-05,
       2.6884884573585947e-03, -9.3470668683213901e-06,
       2.9794114712431079e-05, 2.8681404396937143e-01,
       -1.0846378411521575e-03, -2.9733062405777633e-01, 1. ]
