%YAML:1.0
camera_matrix: !!opencv-matrix
   rows: 3
   cols: 3
   dt: d
   data: [ 4.6079736771178773e+02, 0., 3.4077139620988260e+02, 0.,
       4.6039493448128644e+02, 2.2754779960239011e+02, 0., 0., 1. ]
distortion_coefficients: !!opencv-matrix
   rows: 1
   cols: 5
   dt: d
   data: [ -4.1847629536090658e-01, 1.7403932978282724e-01,
       7.9685446299169354e-04, 6.3224918108688440e-04, 0. ]
