%YAML:1.0
camera_matrix: !!opencv-matrix
   rows: 3
   cols: 3
   dt: d
   data: [ 4.7523956824395668e+02, 0., 3.4291932531310079e+02, 0.,
       4.7393322196653907e+02, 2.4838342069959677e+02, 0., 0., 1. ]
distortion_coefficients: !!opencv-matrix
   rows: 1
   cols: 5
   dt: d
   data: [ -4.0987836239695080e-01, 1.6892620180685647e-01,
       -9.7339864250005977e-05, -1.6635540367637147e-03, 0. ]
